Renner,Prijs,OHN,KBK,SB,PN,TA,MSR,BDP,E3,GW,DDV,RVV,SP,PR,BP,AGR,WP,LBL
Pogacar (7.00M),7000000,0,0,1,0,0,1,0,0,0,0,1,0,1,0,0,0,1
Poel (6.00M),6000000,1,0,0,0,1,1,0,1,1,0,1,0,1,0,0,0,0
Philipsen (5.00M),5000000,1,1,0,0,0,1,1,0,1,1,0,1,1,0,0,0,0
Aert (4.50M),4500000,0,0,1,0,1,1,0,0,0,0,1,0,1,0,0,0,0
Pedersen (4.50M),4500000,0,0,0,0,0,1,0,1,1,1,1,0,1,0,0,0,0
Milan (3.50M),3500000,0,1,0,0,1,1,0,0,1,1,0,0,1,0,0,0,0
Brennan (3.00M),3000000,1,1,0,0,0,1,0,0,1,1,1,0,1,0,0,0,0
Pidcock (3.00M),3000000,1,0,1,0,0,1,0,0,0,0,0,0,0,1,1,1,1
Benoot (2.50M),2500000,0,0,0,0,0,0,0,0,0,0,0,0,0,0,0,0,0
Evenepoel (2.50M),2500000,0,0,0,0,0,0,0,0,0,0,0,0,0,1,1,1
Jorgenson (2.50M),2500000,0,0,1,0,1,1,0,0,0,0,0,0,0,1,1,1
Laporte (2.50M),2500000,1,1,0,0,0,1,0,1,1,1,1,0,1,0,0,0,0
Lie (2.50M),2500000,1,1,0,0,1,0,1,0,1,1,1,0,1,0,0,0,0
Merlier (2.50M),2500000,0,0,0,0,0,1,0,1,0,0,1,1,0,0,0,0,0
Wellens (2.50M),2500000,1,1,1,0,0,1,0,1,1,1,1,0,1,1,1,0,0
Ganna (2.00M),2000000,0,0,0,0,1,1,0,0,0,0,1,0,0,0,0,0,0
Healy (2.00M),2000000,0,0,1,0,0,0,0,0,0,0,0,0,0,1,1,1
Kooij (2.00M),2000000,0,0,0,0,0,0,0,0,0,0,0,0,0,0,0,0,0
Magnier (2.00M),2000000,1,1,0,0,1,1,0,0,0,1,1,0,0,0,0,0,0
Ayuso (1.50M),1500000,0,0,0,1,0,0,0,0,0,0,0,0,0,0,1,1
Bjerg (1.50M),1500000,0,0,0,0,0,0,0,0,0,0,0,0,0,0,0,0,0
Christen (1.50M),1500000,0,0,1,0,1,0,0,0,0,0,0,0,0,1,1,1
Cosnefroy (1.50M),1500000,0,0,0,0,0,0,0,0,0,0,0,0,0,1,1,1,1
Girmay (1.50M),1500000,1,1,0,1,0,0,0,0,1,1,0,0,0,0,0,0,0
Gregoire (1.50M),1500000,0,0,1,0,0,1,0,1,0,1,1,0,0,1,1,1,1
Groenewegen (1.50M),1500000,0,1,0,0,0,1,0,0,0,1,0,0,0,0,0,0,0
Grosso (1.50M),1500000,0,0,0,0,0,0,0,0,0,0,0,0,0,0,0,0,0
Groves (1.50M),1500000,1,1,0,0,1,1,0,0,0,1,1,0,1,0,0,0,0
Kung (1.50M),1500000,1,1,0,0,1,0,0,1,0,1,1,0,1,0,0,0,0
Matthews (1.50M),1500000,0,0,0,0,0,1,0,1,1,0,1,0,0,0,1,0,1
Mohoric (1.50M),1500000,1,1,1,0,0,1,0,1,1,1,1,0,1,0,0,0,0
Politt (1.50M),1500000,1,1,0,0,0,0,0,0,0,0,0,0,0,0,0,0,0
Powless (1.50M),1500000,0,0,0,0,0,0,0,0,0,0,0,0,0,0,0,0,0
Skjelmose (1.50M),1500000,0,0,0,1,0,0,0,0,0,0,0,0,0,1,1,1
Stuyven (1.50M),1500000,0,0,0,1,0,1,0,1,1,0,1,0,1,0,0,0,0
Vacek (1.50M),1500000,1,0,0,1,0,1,0,1,1,1,1,0,1,0,0,0,0
Vermeersch (1.50M),1500000,1,1,1,0,0,1,1,1,1,1,1,0,1,0,0,0,0
Almeida (1.00M),1000000,0,0,0,1,0,0,0,0,0,0,0,0,0,0,0,0,0
Andresen (1.00M),1000000,1,1,0,0,1,0,0,0,0,1,0,0,0,0,0,0,0
Arrieta (1.00M),1000000,0,0,0,1,0,0,0,0,0,0,0,0,0,0,0,0,0
Baroncini (1.00M),1000000,0,0,0,0,0,0,0,0,0,0,0,0,0,0,0,0,0
Bittner (1.00M),1000000,0,1,0,0,0,0,1,0,1,0,0,0,1,0,0,0,0
Dillier (1.00M),1000000,0,1,0,0,0,0,0,0,1,0,0,0,0,0,0,0,0
Fretin (1.00M),1000000,0,1,0,1,0,0,1,0,1,0,0,1,0,0,0,0,0
Gils (1.00M),1000000,0,0,0,0,0,0,0,0,0,0,0,0,0,1,1,1
Grossschartner (1.00M),1000000,0,0,0,0,0,0,0,0,0,0,0,0,0,0,0,0,0
Herregodts (1.00M),1000000,1,1,0,0,0,0,0,0,0,0,0,0,0,0,0,0,0
Johansen (1.00M),1000000,1,0,0,0,0,0,0,0,0,0,0,0,0,0,0,0,0
Kubis (1.00M),1000000,1,0,0,0,0,0,0,0,1,1,1,0,1,0,0,0,0
Laengen (1.00M),1000000,0,0,0,0,0,0,0,0,0,0,0,0,0,0,0,0,0
McNulty (1.00M),1000000,0,0,0,0,0,0,0,0,0,0,0,0,0,0,0,0,0
Meeus (1.00M),1000000,1,1,0,0,0,0,0,1,0,0,1,1,0,0,0,0,0
Molano (1.00M),1000000,1,1,0,0,0,0,0,0,0,0,0,0,0,0,0,0,0
Morgado (1.00M),1000000,0,0,0,0,0,0,0,0,1,1,0,0,0,0,0,0,0
Narvaez (1.00M),1000000,0,0,0,0,0,0,0,0,0,0,0,0,0,0,0,0,0
Novak (1.00M),1000000,0,0,1,0,0,1,0,0,0,0,0,0,0,1,1,1
Nys (1.00M),1000000,0,0,0,0,0,0,0,0,0,0,0,0,0,1,1,1
Oliveira (1.00M),1000000,0,0,0,0,0,0,0,0,0,0,0,0,0,0,0,0,0
Oliveira (1.00M),1000000,1,1,0,0,0,0,0,1,0,1,0,1,0,0,0,0,0
Pericas (1.00M),1000000,0,0,0,0,0,0,0,0,0,0,0,0,0,0,0,0,0
Poppel (1.00M),1000000,0,1,0,0,1,1,0,0,1,0,0,0,0,0,1,0,0
Sivakov (1.00M),1000000,0,0,0,1,0,0,0,0,0,0,0,0,0,1,1,1
Skujins (1.00M),1000000,1,1,0,1,0,0,0,1,1,1,1,0,0,0,1,0,0
Soler (1.00M),1000000,0,0,0,0,0,0,0,0,0,0,0,0,0,0,0,0,0
Teunissen (1.00M),1000000,1,1,0,1,0,1,0,1,1,1,1,0,1,0,0,0,0
Toro (1.00M),1000000,0,0,1,0,1,1,0,0,0,0,0,0,0,0,0,0,0
Torres (1.00M),1000000,0,0,0,0,0,0,0,0,0,0,0,0,0,0,0,0,0
Trentin (1.00M),1000000,1,1,0,1,0,0,0,1,0,0,0,0,0,0,0,0,0
Vauquelin (1.00M),1000000,0,0,0,1,0,0,0,0,0,0,0,0,0,0,0,0,0
Vermaerke (1.00M),1000000,0,0,0,0,0,0,0,0,0,0,0,0,0,0,0,0,0
Vine (1.00M),1000000,0,0,0,0,0,0,0,0,0,0,0,0,0,0,0,0,0
Vingegaard (1.00M),1000000,0,0,0,1,0,0,0,0,0,0,0,0,0,0,0,0,0
Welsford (1.00M),1000000,0,0,0,0,0,0,0,0,0,0,0,0,0,0,0,0,0
Yates (1.00M),1000000,0,0,0,0,0,0,0,0,0,0,0,0,0,0,0,0,0
Baarle (0.75M),750000,1,1,0,0,0,0,1,0,1,1,0,1,0,0,0,0,0
Ballerini (0.75M),750000,1,1,0,0,0,1,1,0,1,0,1,0,1,0,0,0,0
Ballerstedt (0.75M),750000,0,0,0,1,0,0,0,1,0,0,0,0,0,0,0,0,0
Bauhaus (0.75M),750000,0,1,0,0,0,0,0,1,0,0,0,0,0,0,0,0,0
Bayer (0.75M),750000,1,1,0,0,0,0,0,0,0,0,0,0,0,0,0,0,0
Belmans (0.75M),750000,1,0,0,0,0,0,0,0,0,0,0,0,0,0,0,0,0
Berg (0.75M),750000,1,1,0,1,0,1,0,1,1,1,1,0,1,0,1,0,0
Busatto (0.75M),750000,0,0,1,0,0,0,0,0,0,0,0,0,0,1,1,1
Ciccone (0.75M),750000,0,0,0,0,0,0,0,0,0,0,0,0,0,1,1,1
Debruyne (0.75M),750000,0,0,0,0,0,0,0,0,0,0,0,0,0,0,0,0,0
Dehairs (0.75M),750000,0,0,0,0,0,0,0,0,0,0,0,0,0,0,0,0,0
Dockx (0.75M),750000,0,0,0,1,0,0,0,0,0,0,0,0,0,0,0,0,0
Eetvelt (0.75M),750000,0,0,1,0,1,1,0,0,0,0,0,0,0,0,1,1
Geens (0.75M),750000,0,1,0,0,0,0,0,1,0,0,0,0,0,0,0,0,0
Glivar (0.75M),750000,0,0,0,0,0,0,0,0,0,0,0,0,0,0,0,0,0
Gogl (0.75M),750000,0,0,0,0,0,0,0,0,0,0,0,0,0,0,0,0,0
Hofstetter (0.75M),750000,0,1,0,0,0,0,0,1,0,1,1,1,0,0,0,0,0
Houle (0.75M),750000,0,0,0,0,0,0,0,0,0,0,0,0,0,0,0,0,0
Jakobsen (0.75M),750000,0,0,0,0,0,1,0,0,0,0,1,0,0,0,0,0,0
Kanter (0.75M),750000,0,1,0,0,0,0,0,1,0,0,0,0,0,0,0,0,0
Kragh (0.75M),750000,1,0,0,1,0,1,0,1,0,1,0,1,0,0,0,0,0
Lapeira (0.75M),750000,0,0,1,0,1,1,0,0,0,0,0,0,0,1,1,1
Laurance (0.75M),750000,0,0,1,0,0,1,0,0,0,0,0,0,0,1,1,1
Lipowitz (0.75M),750000,0,0,0,0,0,0,0,0,0,0,0,0,0,0,0,0,0
Madouas (0.75M),750000,1,0,1,0,1,0,1,1,1,1,0,0,0,0,0,0,0
Marit (0.75M),750000,1,1,0,0,0,0,1,1,1,0,1,0,0,0,0,0,0
Marsman (0.75M),750000,0,0,0,0,0,0,0,0,0,0,0,0,0,0,0,0,0
Martinez (0.75M),750000,0,0,0,1,0,0,0,0,0,0,0,0,0,1,0,0
Mihkels (0.75M),750000,0,0,0,0,1,1,1,0,1,1,1,0,1,0,0,0,0
Moschetti (0.75M),750000,0,0,0,0,0,0,0,0,0,0,0,0,0,0,0,0,0
Mozzato (0.75M),750000,1,1,0,0,1,0,0,0,1,0,0,0,0,0,0,0,0
Onley (0.75M),750000,0,0,0,1,0,0,0,0,0,0,0,0,0,0,0,0,0
Pithie (0.75M),750000,1,1,0,0,0,1,0,1,1,1,1,0,1,0,0,0,0
Planckaert (0.75M),750000,1,1,0,0,0,0,0,0,0,0,0,0,0,0,0,0,0
Plowright (0.75M),750000,0,0,0,0,0,0,0,0,0,0,0,0,0,0,0,0,0
Price-Pejtersen (0.75M),750000,0,1,0,0,0,0,0,0,0,0,0,0,0,0,0,0,0
Remijn (0.75M),750000,0,0,0,0,0,0,0,0,0,0,0,0,0,0,0,0,0
Rex (0.75M),750000,0,0,0,0,0,0,0,0,0,1,0,0,0,0,0,0,0
Rickaert (0.75M),750000,0,1,0,0,0,0,0,1,0,0,0,0,0,0,0,0,0
Riesebeek (0.75M),750000,0,0,0,0,0,0,0,0,0,0,0,0,0,0,0,0,0
Senechal (0.75M),750000,1,0,0,0,0,1,0,1,0,1,0,1,0,0,0,0,0
Sentjens (0.75M),750000,0,0,0,0,0,0,0,0,0,0,1,0,0,0,0,0,0
Soderqvist (0.75M),750000,0,1,0,0,0,0,0,0,0,0,0,1,0,0,0,0,0
Teuns (0.75M),750000,1,0,0,0,0,0,0,1,1,0,0,1,1,1,1,0,0
Teutenberg (0.75M),750000,1,0,0,0,0,0,0,0,0,0,0,0,0,0,0,0,0
Thijssen (0.75M),750000,0,0,0,0,0,0,0,0,0,0,0,0,0,0,0,0,0
Uden (0.75M),750000,0,0,0,0,0,0,0,0,0,0,0,0,0,0,0,0,0
Uhlig (0.75M),750000,0,0,0,0,0,0,0,0,0,0,0,0,0,0,0,0,0
Vergallito (0.75M),750000,0,0,0,0,0,0,0,0,0,0,0,0,0,0,0,0,0
Vermeersch (0.75M),750000,1,0,1,0,0,0,1,1,1,1,0,1,0,0,0,0,0
Vernon (0.75M),750000,0,0,0,0,0,0,0,0,0,0,0,0,0,0,0,0,0
Verstrynge (0.75M),750000,0,0,0,0,0,0,0,0,0,0,0,0,0,0,0,0,0
Vylder (0.75M),750000,0,0,0,0,0,0,0,0,0,0,0,0,0,0,0,0,0
Waerenskjold (0.75M),750000,1,0,0,0,1,1,0,1,1,1,0,1,0,0,0,0,0
Withen (0.75M),750000,1,0,0,0,0,0,0,0,0,0,0,0,0,0,0,0,0
Wright (0.75M),750000,1,1,0,0,0,0,0,1,0,0,0,0,0,0,0,0,0
Zingle (0.75M),750000,1,1,0,1,0,0,0,1,0,1,1,0,0,1,0,0,0
Abrahamsen (0.50M),500000,1,1,0,0,1,1,0,1,1,1,1,0,1,0,0,0,0
Ackermann (0.50M),500000,0,1,0,0,0,0,0,0,0,0,0,0,0,0,0,0,0
Adria (0.50M),500000,1,1,1,0,0,0,0,1,0,0,0,0,0,1,1,1
Aerts (0.50M),500000,0,0,0,0,0,0,0,0,0,0,1,0,1,0,0,0,0
Affini (0.50M),500000,1,0,0,0,0,0,0,0,0,0,0,0,0,0,0,0,0
Agostinacchio (0.50M),500000,0,0,0,0,0,0,0,0,0,0,0,0,0,0,0,0,0
Alaphilippe (0.50M),500000,0,0,1,0,1,1,0,0,0,0,0,0,0,1,1,1
Albanese (0.50M),500000,1,1,0,1,0,1,1,1,1,1,1,0,1,0,0,0,0
Aleotti (0.50M),500000,0,0,0,0,0,0,0,0,0,0,0,0,0,0,0,0,0
Allegaert (0.50M),500000,1,1,0,0,0,0,0,1,0,0,0,0,0,0,0,0,0
Aniolkowski (0.50M),500000,1,1,0,0,0,1,0,0,0,0,0,0,0,0,0,0,0
Aranburu (0.50M),500000,0,0,0,0,0,1,0,0,0,0,0,0,0,1,1,1
Arcas (0.50M),500000,0,0,0,0,0,0,0,0,0,0,0,0,0,0,0,0,0
Arensman (0.50M),500000,0,0,1,0,1,0,0,0,0,0,0,0,0,0,0,0,0
Armirail (0.50M),500000,0,0,0,1,0,0,0,0,0,0,0,0,0,0,0,0,0
Arndt (0.50M),500000,0,0,0,0,0,0,0,0,0,0,0,0,0,0,0,0,0
Artz (0.50M),500000,1,0,0,0,1,1,0,0,1,1,1,0,1,0,0,0,0
Asbroeck (0.50M),500000,1,0,0,0,0,0,0,0,1,0,0,0,0,0,0,0,0
Asgreen (0.50M),500000,1,1,0,1,0,1,0,1,0,0,0,1,0,0,0,0,0
Askey (0.50M),500000,1,1,0,0,0,0,0,1,1,1,0,1,0,0,0,0,0
August (0.50M),500000,0,0,0,0,0,0,0,0,0,0,0,0,0,0,0,0,0
Aular (0.50M),500000,1,1,0,0,0,0,0,1,0,0,0,0,0,0,0,0,0
Azparren (0.50M),500000,0,0,0,0,0,0,0,0,0,0,0,0,0,0,0,0,0
Badilatti (0.50M),500000,0,0,0,0,0,0,0,0,0,0,0,0,0,0,0,0,0
Bagioli (0.50M),500000,0,0,0,0,0,0,0,0,0,0,0,0,0,0,0,0,0
Bais (0.50M),500000,0,0,0,0,0,0,0,0,0,0,0,0,0,0,0,0,0
Barguil (0.50M),500000,0,0,0,0,0,0,0,0,0,0,0,0,0,1,1,1
Barre (0.50M),500000,0,0,1,0,0,0,0,0,0,0,0,0,0,1,1,1
Barrenetxea (0.50M),500000,1,1,0,0,0,0,0,1,0,0,0,0,0,0,0,0,0
Barta (0.50M),500000,0,0,0,0,0,0,0,0,0,0,0,0,0,0,0,0,0
Barthe (0.50M),500000,1,0,0,0,0,0,0,0,0,0,0,0,0,0,0,0,0
Bastiaens (0.50M),500000,0,0,0,0,0,0,0,0,0,0,0,0,0,0,0,0,0
Battistella (0.50M),500000,0,0,0,0,0,0,0,0,0,0,0,0,0,0,0,0,0
Baudin (0.50M),500000,0,0,0,1,0,0,0,0,0,0,0,0,0,1,1,1
Bax (0.50M),500000,0,0,0,0,0,0,0,0,0,0,0,0,0,0,0,0,0
Behrens (0.50M),500000,0,0,0,0,0,0,0,0,0,0,0,0,0,0,0,0,0
Bekkum (0.50M),500000,0,0,0,0,0,0,0,0,0,0,0,0,0,1,0,0
Belle (0.50M),500000,0,0,0,0,0,0,0,0,0,0,0,0,0,0,0,0,0
Beloki (0.50M),500000,0,0,0,0,0,0,0,0,0,0,0,0,0,0,0,0,0
Bennett (0.50M),500000,0,0,0,0,0,0,0,0,0,0,0,0,0,0,0,0,0
Bennett (0.50M),500000,0,0,0,0,0,0,0,0,0,0,0,0,0,0,0,0,0
Berckmoes (0.50M),500000,1,1,0,0,1,1,0,1,1,1,1,0,0,1,1,0
Berg (0.50M),500000,1,0,0,0,0,0,0,0,1,0,0,0,0,0,0,0,0
Bernal (0.50M),500000,0,0,1,0,1,0,0,0,0,0,0,0,0,0,0,0,0
Bernard (0.50M),500000,0,0,0,0,0,0,0,0,0,0,0,0,0,0,0,0,0
Berthet (0.50M),500000,0,0,0,0,1,0,0,0,0,0,0,0,0,0,0,0,0
Bettiol (0.50M),500000,1,0,0,0,0,1,0,0,0,0,1,0,0,0,0,0,0
Beullens (0.50M),500000,1,0,0,0,0,0,0,0,1,0,0,0,0,0,0,0,0
Bevort (0.50M),500000,1,1,0,0,0,0,0,0,0,0,0,0,0,0,0,0,0
Biermans (0.50M),500000,1,0,0,0,0,0,0,0,0,0,0,0,0,0,0,0,0
Biesterbos (0.50M),500000,0,0,0,0,0,0,0,0,1,0,0,0,0,1,0,0
Bilbao (0.50M),500000,0,0,1,0,1,0,0,0,0,0,0,0,0,1,1,1
Bisiaux (0.50M),500000,0,0,0,0,0,0,0,0,0,0,0,0,0,0,0,0,0
Bissegger (0.50M),500000,1,1,0,1,0,0,0,1,1,0,1,0,1,0,0,0,0
Blackmore (0.50M),500000,0,0,0,0,0,0,0,0,0,0,0,0,0,1,1,1
Blikra (0.50M),500000,0,0,0,0,0,0,1,0,0,0,0,0,0,0,0,0,0
Blume (0.50M),500000,0,0,0,0,0,0,0,0,0,0,0,0,0,0,0,0,0
Boichis (0.50M),500000,0,0,1,0,0,0,0,0,0,0,0,0,0,0,0,0,0
Boivin (0.50M),500000,1,1,0,0,0,0,0,1,0,0,0,0,0,0,0,0,0
Bol (0.50M),500000,0,1,0,1,0,0,0,0,0,0,0,0,0,0,0,0,0
Bondt (0.50M),500000,1,1,0,0,0,0,1,1,1,1,0,1,0,0,0,0,0
Bonnet (0.50M),500000,1,1,0,0,0,0,0,1,0,0,0,0,0,0,0,0,0
Bonneu (0.50M),500000,0,0,0,0,0,0,0,0,0,0,0,0,0,0,0,0,0
Borgo (0.50M),500000,0,1,0,0,0,0,0,1,0,0,0,0,0,0,0,0,0
Bossche (0.50M),500000,0,0,0,0,0,0,0,0,0,0,0,0,0,0,0,0,0
Bouwman (0.50M),500000,0,0,0,0,0,0,0,0,0,0,0,0,0,0,0,0,0
Boven (0.50M),500000,1,0,0,0,0,0,0,0,1,0,0,0,1,0,0,0,0
Bower (0.50M),500000,0,0,0,0,0,0,0,0,0,0,0,0,0,0,0,0,0
Braet (0.50M),500000,0,1,0,0,0,0,0,0,0,0,0,0,0,0,0,0,0
Braz (0.50M),500000,0,0,0,0,0,0,0,0,0,0,0,0,0,0,0,0,0
Brenner (0.50M),500000,0,0,0,0,0,0,0,0,0,0,0,0,0,0,0,0,0
Broek (0.50M),500000,1,1,0,0,1,0,0,1,0,1,1,0,0,0,1,1,0
Brunel (0.50M),500000,1,1,0,0,0,0,0,1,0,0,0,0,0,0,0,0,0
Bruttomesso (0.50M),500000,0,0,0,0,0,0,0,0,0,0,0,0,0,0,0,0,0
Buchmann (0.50M),500000,0,0,0,0,0,0,0,0,0,0,0,0,0,0,0,0,0
Buitrago (0.50M),500000,0,0,0,0,1,0,0,0,0,0,0,0,0,0,0,0,0
Buyst (0.50M),500000,0,1,0,0,1,0,0,0,1,0,0,0,0,0,0,0,0
Bystrom (0.50M),500000,1,0,0,0,0,0,0,0,0,0,0,0,0,0,0,0,0
Calzoni (0.50M),500000,0,0,0,0,0,0,0,0,0,0,0,0,0,0,0,0,0
Campenaerts (0.50M),500000,0,0,0,1,0,0,0,0,0,0,0,0,0,0,0,0,0
Camprubi (0.50M),500000,0,0,0,0,0,0,0,0,0,0,0,0,0,0,0,0,0
Canal (0.50M),500000,1,1,0,0,0,0,0,1,0,0,0,0,0,0,0,0,0
Capiot (0.50M),500000,1,1,0,0,0,0,0,0,0,0,0,0,0,0,0,0,0
Carapaz (0.50M),500000,0,0,0,0,1,0,0,0,0,0,0,0,0,0,0,0,0
Carr (0.50M),500000,0,0,0,0,0,0,0,0,0,0,0,0,0,0,0,0,0
Caruso (0.50M),500000,0,0,0,0,0,1,0,0,0,0,0,0,0,0,0,0,0
Castrillo (0.50M),500000,0,0,0,0,1,0,0,0,0,0,0,0,0,0,0,0,0
Cattaneo (0.50M),500000,0,0,0,0,0,0,0,0,0,0,0,0,0,0,0,0,0
Cavagna (0.50M),500000,0,0,0,0,0,0,0,0,0,0,0,0,0,0,0,0,0
Cepeda (0.50M),500000,0,0,0,0,0,0,0,0,0,0,0,0,0,0,0,0,0
Chamberlain (0.50M),500000,1,0,0,0,0,0,0,0,0,0,0,0,0,0,0,0,0
Champoussin (0.50M),500000,0,0,1,0,1,0,0,0,0,0,0,0,0,1,1,1
Charmig (0.50M),500000,0,0,0,0,0,0,0,0,0,0,0,0,0,0,0,0,0
Charret (0.50M),500000,0,0,0,0,0,0,0,0,1,0,0,0,0,0,0,0,0
Christen (0.50M),500000,0,0,0,1,0,0,0,0,0,0,0,0,0,0,0,0,0
Clarke (0.50M),500000,0,0,0,0,0,0,0,0,0,0,0,0,0,0,0,0,0
Conca (0.50M),500000,0,0,1,0,1,0,0,0,0,0,0,0,0,0,0,0,0
Conci (0.50M),500000,0,0,0,0,0,0,0,0,0,0,0,0,0,0,0,0,0
Consonni (0.50M),500000,0,0,0,0,0,0,0,0,0,0,0,0,0,0,0,0,0
Coquard (0.50M),500000,0,0,0,1,0,1,0,0,0,0,0,0,0,1,1,0
Corkery (0.50M),500000,0,0,0,0,0,0,0,0,0,0,0,0,0,0,0,0,0
Cort (0.50M),500000,0,0,0,0,0,1,0,0,0,0,0,0,0,0,1,0,0
Costiou (0.50M),500000,0,0,0,1,0,0,0,0,0,0,0,0,0,1,1,1
Cote (0.50M),500000,0,0,0,0,0,0,0,0,0,0,0,0,0,0,0,0,0
Covi (0.50M),500000,0,0,1,0,1,0,0,0,0,0,0,0,0,1,1,1
Crabbe (0.50M),500000,0,1,0,0,0,0,1,0,1,1,0,1,0,0,0,0,0
Craps (0.50M),500000,0,0,0,0,0,0,0,0,0,0,0,0,0,0,0,0,0
Cras (0.50M),500000,0,0,0,0,0,0,0,0,0,0,0,0,0,0,0,0,0
Cruz (0.50M),500000,0,0,0,0,0,0,0,0,0,0,0,0,0,0,0,0,0
Dainese (0.50M),500000,0,0,0,0,0,0,0,0,0,0,0,0,0,0,0,0,0
Dalby (0.50M),500000,0,0,0,0,0,0,0,0,0,0,0,0,0,0,0,0,0
Dauphin (0.50M),500000,0,1,0,0,0,0,0,1,0,0,0,0,0,0,0,0,0
Debeaumarche (0.50M),500000,0,0,0,0,0,0,0,0,0,0,0,0,0,0,0,0,0
Decomble (0.50M),500000,0,0,0,0,0,0,0,0,0,0,0,0,0,0,0,0,0
Degenkolb (0.50M),500000,1,0,0,0,0,0,0,0,1,0,0,0,1,0,0,0,0
Denz (0.50M),500000,0,0,0,1,0,0,0,0,0,0,0,0,0,0,0,0,0
Deweirdt (0.50M),500000,1,0,0,0,0,0,0,0,0,0,0,0,0,0,0,0,0
Dewulf (0.50M),500000,1,0,0,0,0,0,0,0,0,0,0,0,0,0,0,0,0
Dhondt (0.50M),500000,0,0,0,0,0,0,0,0,0,0,0,0,0,0,0,0,0
Dijke (0.50M),500000,1,1,0,1,0,0,0,0,0,1,1,0,1,0,0,0,0
Dijke (0.50M),500000,1,1,0,0,1,1,0,0,0,1,0,1,0,0,0,0,0
Dinham (0.50M),500000,0,0,0,0,0,0,0,0,0,0,0,0,0,0,0,0,0
Donaldson (0.50M),500000,1,0,0,0,0,0,0,0,0,0,0,0,0,0,0,0,0
Donnenwirth (0.50M),500000,0,0,0,0,0,0,0,0,0,0,0,0,0,0,0,0,0
Donovan (0.50M),500000,0,0,0,0,0,0,0,0,0,0,0,0,0,0,0,0,0
Donze (0.50M),500000,0,0,0,0,0,0,0,0,0,0,0,0,0,0,0,0,0
Double (0.50M),500000,0,0,0,0,0,0,0,0,0,0,0,0,0,0,0,0,0
Doull (0.50M),500000,0,0,0,0,0,0,0,0,0,0,0,0,0,0,0,0,0
Drizners (0.50M),500000,1,0,0,0,0,0,0,0,0,0,0,0,0,0,0,0,0
Dujardin (0.50M),500000,1,0,0,0,0,0,0,0,1,0,0,0,0,0,0,0,0
Dunbar (0.50M),500000,0,0,0,0,0,0,0,0,0,0,0,0,0,0,0,0,0
Durbridge (0.50M),500000,0,0,0,0,0,0,0,0,0,0,0,0,0,0,0,0,0
Dversnes (0.50M),500000,0,0,0,0,0,0,0,0,0,0,0,0,0,0,0,0,0
Eekhoff (0.50M),500000,0,0,0,0,0,0,0,0,0,0,0,0,0,0,0,0,0
Eenkhoorn (0.50M),500000,0,0,0,0,0,0,0,0,0,0,0,0,0,0,0,0,0
Einhorn (0.50M),500000,0,0,0,0,0,0,0,0,0,0,0,0,0,0,0,0,0
Engelhardt (0.50M),500000,0,0,0,0,0,0,0,0,0,0,0,0,0,0,0,0,0
Eriksson (0.50M),500000,0,0,0,0,0,0,0,0,0,0,0,0,0,0,0,0,0
Ermakov (0.50M),500000,0,0,0,0,0,0,0,0,0,0,0,0,0,0,0,0,0
Erzen (0.50M),500000,0,0,0,0,0,0,0,0,0,0,0,0,0,0,0,0,0
Etxeberria (0.50M),500000,0,1,0,0,0,0,0,0,0,0,0,0,0,0,0,0,0
Eulalio (0.50M),500000,0,0,1,0,0,0,0,0,0,0,0,0,0,0,0,1,0
Faure (0.50M),500000,0,0,0,0,0,0,0,0,0,0,0,0,0,0,0,0,0
Fedorov (0.50M),500000,0,0,0,0,0,0,0,0,1,0,0,0,0,0,0,0,0
Ferron (0.50M),500000,0,0,0,0,0,0,0,0,0,0,0,0,0,0,0,0,0
Fiorelli (0.50M),500000,0,1,1,0,1,0,0,0,0,0,0,0,1,0,0,1,0
Fisher-Black (0.50M),500000,0,0,0,0,0,0,0,0,0,0,0,0,0,0,0,0,0
Flynn (0.50M),500000,1,0,0,0,0,0,0,0,1,0,0,0,0,0,0,0,0
Foldager (0.50M),500000,1,0,0,0,0,0,0,0,0,0,0,0,0,0,0,0,0
Fontaine (0.50M),500000,0,1,0,0,0,0,0,0,0,0,0,0,0,0,0,0,0
Formolo (0.50M),500000,0,0,0,0,0,0,0,0,0,0,0,0,0,0,0,0,0
Fortunato (0.50M),500000,0,0,0,0,1,0,0,0,0,0,0,0,0,0,0,0,0
Foss (0.50M),500000,0,0,0,0,0,0,0,0,0,0,0,0,0,0,0,0,0
Fox (0.50M),500000,0,0,0,0,0,0,0,0,0,0,0,0,0,0,0,0,0
Fredheim (0.50M),500000,0,0,0,0,0,0,0,0,0,0,0,0,0,0,0,0,0
Frigo (0.50M),500000,0,0,0,0,0,0,0,0,0,0,0,0,0,0,0,0,0
Frison (0.50M),500000,1,1,0,0,0,0,0,1,0,0,0,0,0,0,0,0,0
Froidevaux (0.50M),500000,0,0,0,0,0,0,0,0,0,0,0,0,0,0,0,0,0
Gac (0.50M),500000,0,0,0,0,0,0,0,0,0,0,0,0,0,0,0,0,0
Gachignard (0.50M),500000,1,0,0,0,0,0,0,0,1,0,0,0,0,0,0,0,0
Gaffuri (0.50M),500000,0,0,1,0,1,0,0,0,0,0,0,0,0,0,0,0,0
Gall (0.50M),500000,0,0,0,0,1,0,0,0,0,0,0,0,0,0,0,0,0
Gamper (0.50M),500000,0,0,0,0,0,0,0,0,0,0,0,0,0,0,0,0,0
Garcia (0.50M),500000,1,1,0,0,0,0,0,1,0,0,0,1,0,0,0,0,0
Garcia (0.50M),500000,0,0,0,0,0,0,0,0,0,0,0,0,0,0,0,0,0
Garofoli (0.50M),500000,0,0,0,0,0,0,0,0,0,0,0,0,0,0,0,0,0
Gate (0.50M),500000,1,1,0,0,0,0,0,1,0,0,0,0,0,0,0,0,0
Gaudu (0.50M),500000,0,0,0,1,0,0,0,0,0,0,0,0,0,0,0,0,0
Gautherat (0.50M),500000,0,0,0,0,0,0,0,0,0,0,0,0,0,0,0,0,0
Gee-West (0.50M),500000,0,0,0,0,0,0,0,0,0,0,0,0,0,0,0,0,0
Gelders (0.50M),500000,0,0,0,0,0,0,0,0,0,0,0,0,0,0,0,0,0
Gendt (0.50M),500000,1,1,0,0,0,0,0,1,0,0,0,0,0,0,0,0,0
Geniets (0.50M),500000,0,0,0,0,0,0,0,0,0,0,0,0,0,0,0,0,0
Geoghegan (0.50M),500000,0,0,0,0,0,0,0,0,0,0,0,0,0,0,0,0,0
Germani (0.50M),500000,0,0,1,0,1,1,0,0,0,0,0,0,0,0,0,0,0
Gestel (0.50M),500000,1,1,0,0,0,0,0,0,0,0,0,0,0,0,0,0,0
Ghebreigzabhier (0.50M),500000,0,0,0,0,0,0,0,0,0,0,0,0,0,0,0,0,0
Ghys (0.50M),500000,0,0,0,0,0,0,0,0,0,0,0,0,0,0,0,0,0
Giddings (0.50M),500000,0,0,0,0,0,0,0,0,0,0,0,0,0,0,0,0,0
Gilmore (0.50M),500000,0,0,0,0,0,0,0,0,0,0,0,0,0,0,0,0,0
Gloag (0.50M),500000,0,0,0,0,0,0,0,0,0,0,0,0,0,0,0,0,0
Godon (0.50M),500000,0,0,0,1,0,0,0,0,0,0,0,0,0,1,1,0
Gonov (0.50M),500000,1,1,0,0,0,0,0,0,0,0,0,0,0,0,0,0,0
Gonzalez (0.50M),500000,0,0,0,0,0,0,0,0,0,0,0,0,0,0,0,0,0
Govekar (0.50M),500000,0,1,0,0,0,0,0,0,0,0,0,0,0,0,0,0,0
Graat (0.50M),500000,0,0,0,0,0,0,0,0,0,0,0,0,0,0,0,0,0
Gradek (0.50M),500000,1,1,0,0,0,0,0,1,0,0,0,0,0,0,0,0,0
Grignard (0.50M),500000,1,0,0,0,0,0,0,0,0,0,0,0,0,0,0,0,0
Grisel (0.50M),500000,0,0,0,0,0,0,0,0,0,0,0,0,0,0,0,0,0
Gruel (0.50M),500000,1,0,0,0,0,0,0,1,1,1,1,0,0,0,0,0,0
Gualdi (0.50M),500000,0,0,1,0,0,0,0,0,0,0,0,0,0,0,0,0,0
Gudmestad (0.50M),500000,0,0,0,0,0,1,0,0,0,0,0,0,0,0,0,0,0
Hagenes (0.50M),500000,1,0,0,0,0,0,0,0,0,0,0,0,0,0,0,0,0
Haig (0.50M),500000,0,0,0,0,0,0,0,0,0,0,0,0,0,0,0,0,0
Hajek (0.50M),500000,0,0,0,0,0,0,0,0,0,0,0,0,0,0,0,0,0
Haller (0.50M),500000,1,1,0,0,0,0,0,1,0,0,0,0,0,0,0,0,0
Hamilton (0.50M),500000,0,0,0,0,0,0,0,0,0,0,0,0,0,0,0,0,0
Hamilton (0.50M),500000,0,0,0,0,0,0,0,0,0,0,0,0,0,0,0,0,0
Harper (0.50M),500000,0,0,0,0,0,0,0,0,0,0,0,0,0,0,0,0,0
Hatherly (0.50M),500000,0,0,1,0,1,0,0,0,0,0,0,0,0,0,0,0,0
Hayter (0.50M),500000,0,0,0,0,1,0,0,0,0,0,0,0,0,0,0,0,0
Heiduk (0.50M),500000,1,0,0,0,0,0,0,0,0,0,0,0,0,0,0,0,0
Hellemose (0.50M),500000,0,0,0,0,0,0,0,0,0,0,0,0,0,0,0,0,0
Hemelen (0.50M),500000,1,0,0,0,0,0,0,0,0,0,0,0,0,0,0,0,0
Hermans (0.50M),500000,0,0,1,0,0,0,1,0,0,0,0,0,1,1,1,1,0
Herzog (0.50M),500000,0,0,0,0,0,0,0,0,0,0,0,0,0,0,0,0,0
Hessmann (0.50M),500000,0,0,0,1,0,0,0,0,0,0,0,0,0,0,0,0,0
Higuita (0.50M),500000,0,0,0,1,0,0,0,0,0,0,0,0,0,0,0,0,0
Hindley (0.50M),500000,0,0,0,0,1,0,0,0,0,0,0,0,0,0,0,0,0
Hirschi (0.50M),500000,0,0,0,0,0,0,0,0,0,0,0,0,0,1,1,1
Hirt (0.50M),500000,0,0,0,0,0,0,0,0,0,0,0,0,0,0,0,0,0
Hobbs (0.50M),500000,1,1,0,0,0,0,0,0,0,0,0,0,0,0,0,0,0
Hoelgaard (0.50M),500000,1,0,0,0,0,0,0,0,0,0,0,0,0,0,0,0,0
Holter (0.50M),500000,0,0,0,0,0,0,0,0,0,0,0,0,0,0,0,0,0
Honore (0.50M),500000,1,1,1,0,0,1,0,0,0,0,1,0,0,0,0,0,1
Hoole (0.50M),500000,0,1,0,1,0,0,1,0,1,1,1,0,1,0,0,0,0
Hoorn (0.50M),500000,0,0,0,0,0,0,0,0,0,0,0,0,0,0,0,0,0
Houcou (0.50M),500000,0,0,0,0,0,0,0,0,0,0,0,0,0,0,0,0,0
Howson (0.50M),500000,0,0,0,0,0,0,0,0,0,0,0,0,0,0,0,0,0
Huens (0.50M),500000,1,1,0,0,0,0,0,0,0,0,0,0,0,0,0,0,0
Huising (0.50M),500000,0,0,0,0,0,0,0,0,0,0,0,0,0,0,0,0,0
Hvideberg (0.50M),500000,0,1,0,0,0,0,0,0,0,0,0,0,0,0,0,0,0
Ingebritsen (0.50M),500000,0,0,0,0,0,0,0,0,0,0,0,0,0,0,0,0,0
Isidore (0.50M),500000,0,0,0,0,0,0,0,0,0,0,0,0,0,0,0,0,0
Izagirre (0.50M),500000,0,0,0,1,0,0,0,0,0,0,0,0,0,1,1,1
Izquierdo (0.50M),500000,0,0,0,0,0,1,0,0,0,0,0,0,0,0,0,0,0
Jacobs (0.50M),500000,1,1,0,0,0,0,0,0,0,0,0,0,0,0,0,0,0
Jeanniere (0.50M),500000,0,1,0,0,0,0,0,1,0,0,0,0,0,0,0,0,0
Joalland (0.50M),500000,0,0,0,0,0,0,0,0,0,0,0,0,0,0,0,0,0
Johannessen (0.50M),500000,0,0,0,0,0,0,0,0,0,0,0,0,0,0,0,0,0
Johannessen (0.50M),500000,0,0,1,0,0,0,0,0,0,0,0,0,0,1,1,1
Jong (0.50M),500000,1,0,0,0,0,0,0,0,0,0,0,0,0,0,0,0,0
Jungels (0.50M),500000,0,0,0,0,0,0,0,0,0,0,0,0,0,0,0,0,0
Juul-Jensen (0.50M),500000,0,0,0,0,0,0,0,0,0,0,0,0,0,0,0,0,0
Kajamini (0.50M),500000,0,0,0,0,0,0,0,0,0,0,0,0,0,0,0,0,0
Kamna (0.50M),500000,0,0,0,0,0,0,0,0,0,0,0,0,0,0,0,0,0
Kamp (0.50M),500000,0,0,0,0,0,0,0,0,0,0,0,0,0,0,0,0,0
Kelderman (0.50M),500000,0,0,0,0,0,0,0,0,0,0,0,0,0,0,0,0,0
Kelemen (0.50M),500000,1,0,0,0,0,0,0,1,0,0,0,0,0,0,0,0,0
Kench (0.50M),500000,0,0,0,0,0,0,0,0,0,0,0,0,0,0,0,0,0
Kepplinger (0.50M),500000,0,0,0,0,0,0,0,0,0,0,0,0,0,0,0,0,0
Kielich (0.50M),500000,1,1,1,0,1,1,0,1,1,0,1,0,1,0,0,0,0
Kirsch (0.50M),500000,1,1,0,1,0,1,1,0,1,1,1,0,1,0,0,0,0
Kleijn (0.50M),500000,0,0,0,0,0,0,0,0,0,0,0,0,0,0,0,0,0
Kluckers (0.50M),500000,0,0,0,0,0,0,0,0,0,0,0,0,0,0,0,0,0
Knight (0.50M),500000,0,0,0,0,0,0,0,0,0,0,0,0,0,0,0,0,0
Knox (0.50M),500000,0,0,0,0,0,0,0,0,0,0,0,0,0,0,0,0,0
Kockelmann (0.50M),500000,0,0,0,0,0,0,0,0,0,0,0,0,0,0,0,0,0
Koerdt (0.50M),500000,0,0,0,0,0,0,0,0,0,0,0,0,0,0,0,0,0
Kogut (0.50M),500000,0,0,0,0,0,0,0,0,0,0,0,0,0,0,0,0,0
Kolze (0.50M),500000,0,0,0,0,0,1,0,1,1,0,0,0,0,0,0,0,0
Konrad (0.50M),500000,0,0,0,0,0,0,0,0,0,0,0,0,0,0,0,0,0
Krieger (0.50M),500000,0,0,0,0,0,0,0,0,0,0,0,0,0,0,0,0,0
Krijnsen (0.50M),500000,1,1,0,1,0,0,1,1,1,1,1,0,1,0,0,0,0
Kron (0.50M),500000,0,0,0,0,0,0,0,0,0,0,0,0,0,0,0,0,0
Kruijswijk (0.50M),500000,0,0,0,0,0,0,0,0,0,0,0,0,0,0,0,0,0
Kulset (0.50M),500000,0,0,0,0,0,0,0,0,0,0,0,0,0,0,0,0,0
Kuss (0.50M),500000,0,0,0,0,0,0,0,0,0,0,0,0,0,0,0,0,0
Kuzmin (0.50M),500000,0,0,0,0,0,0,0,0,0,0,0,0,0,0,0,0,0
Kwiatkowski (0.50M),500000,1,0,0,0,0,0,0,0,0,0,0,0,0,0,0,0,0
L'Hote (0.50M),500000,0,0,0,0,0,0,0,0,0,0,0,0,0,0,0,0,0
Labrosse (0.50M),500000,0,0,1,0,0,1,0,0,0,0,0,0,0,1,1,1
Lafay (0.50M),500000,0,0,1,0,0,0,0,0,0,0,0,0,0,0,1,0,0
Lambrecht (0.50M),500000,1,0,0,0,0,0,0,0,0,0,0,0,0,0,0,0,0
Lampaert (0.50M),500000,1,1,0,1,0,0,0,0,1,1,1,0,1,0,0,0,0
Lamperti (0.50M),500000,1,1,0,1,0,1,1,1,1,1,1,0,1,0,0,0,0
Landa (0.50M),500000,0,0,0,0,0,0,0,0,0,0,0,0,0,0,0,0,0
Langellotti (0.50M),500000,0,0,0,0,0,0,0,0,0,0,0,0,0,1,1,1
Lanhove (0.50M),500000,1,0,0,0,0,0,0,0,0,0,0,0,0,0,0,0,0
Lecerf (0.50M),500000,0,0,0,0,0,0,0,0,0,0,0,0,0,0,0,0,0
Lee (0.50M),500000,0,0,0,0,0,0,0,0,0,0,0,0,0,0,0,0,0
Leemreize (0.50M),500000,0,0,0,0,0,0,0,0,0,0,0,0,0,0,0,0,0
Leknessund (0.50M),500000,0,0,0,0,0,0,0,0,0,0,0,0,0,0,0,0,0
Lemmen (0.50M),500000,0,0,0,0,0,0,0,0,0,0,0,0,0,0,0,0,0
Leonard (0.50M),500000,0,0,0,0,0,0,0,0,0,0,0,0,0,0,0,0,0
Lerberghe (0.50M),500000,0,0,0,0,0,0,0,0,0,0,0,0,0,0,0,0,0
Lienhard (0.50M),500000,0,0,0,0,0,0,0,0,0,0,0,0,0,0,0,0,0
Liepins (0.50M),500000,0,1,0,0,0,0,0,1,0,0,0,0,0,0,0,0,0
Livyns (0.50M),500000,1,1,1,0,1,0,0,0,1,1,1,0,0,0,0,0,0
Loland (0.50M),500000,0,0,0,0,0,0,0,0,0,0,0,0,0,0,0,0,0
Lonardi (0.50M),500000,0,0,0,0,0,0,0,0,0,0,0,0,0,0,0,0,0
Lopez (0.50M),500000,0,0,0,0,0,0,0,0,0,0,0,0,0,0,0,0,0
Lopez (0.50M),500000,0,0,0,0,0,0,0,0,0,0,0,0,0,0,0,0,0
Louvel (0.50M),500000,1,1,0,0,0,0,0,1,0,0,0,0,1,0,0,0,0
Lutsenko (0.50M),500000,0,0,0,0,0,0,0,0,0,0,0,0,0,0,0,0,0
Maas (0.50M),500000,0,1,0,0,0,0,0,0,0,0,0,0,0,0,0,0,0
Maciejuk (0.50M),500000,1,1,0,0,0,0,0,1,0,0,0,0,0,0,0,0,0
Mackellar (0.50M),500000,0,0,0,0,0,0,0,0,0,0,0,0,0,0,0,0,0
Maestri (0.50M),500000,0,0,0,0,0,0,0,0,0,0,0,0,0,0,0,0,0
Magli (0.50M),500000,0,0,0,0,0,0,0,0,0,0,0,0,0,0,0,0,0
Mahoudo (0.50M),500000,0,0,0,0,0,0,0,0,0,0,0,0,0,0,0,0,0
Maisonobe (0.50M),500000,0,0,0,0,0,0,0,0,0,0,0,0,0,0,0,0,0
Malecki (0.50M),500000,1,1,0,0,0,0,0,1,0,0,0,0,0,0,0,0,0
Malucelli (0.50M),500000,0,0,0,0,0,0,0,0,0,0,0,0,0,0,0,0,0
Maris (0.50M),500000,0,0,0,0,0,0,0,0,0,0,0,0,0,0,0,0,0
Markl (0.50M),500000,0,0,0,0,0,0,0,0,1,0,0,0,0,0,0,0,0
Marti (0.50M),500000,0,0,1,0,0,0,0,0,0,0,0,0,0,0,0,0,0
Martin (0.50M),500000,0,0,0,0,0,0,0,0,0,0,0,0,0,0,0,0,0
Martinez (0.50M),500000,0,0,0,1,0,0,0,0,0,0,0,0,0,1,1,0
Martinez (0.50M),500000,0,0,0,0,0,0,0,0,0,0,0,0,0,0,0,0,0
Mas (0.50M),500000,0,0,0,0,0,0,0,0,0,0,0,0,0,0,0,0,0
Mattio (0.50M),500000,0,1,0,0,0,0,0,0,0,0,0,0,0,0,0,0,0
Mayrhofer (0.50M),500000,0,0,0,0,0,0,0,0,0,0,0,0,0,0,0,0,0
McKenzie (0.50M),500000,0,0,0,0,0,0,0,0,0,0,0,0,0,0,0,0,0
Mechelen (0.50M),500000,1,0,0,0,0,0,0,1,0,0,0,0,0,0,0,0,0
Meehan (0.50M),500000,0,0,0,0,0,0,0,0,0,0,0,0,0,0,0,0,0
Menten (0.50M),500000,0,0,0,0,0,0,0,0,0,0,0,1,0,0,0,0,0
Meulen (0.50M),500000,0,0,0,0,0,0,0,0,0,0,0,0,0,0,0,0,0
Meurisse (0.50M),500000,1,0,0,0,0,0,0,0,0,0,0,0,0,0,0,0,0
Mezgec (0.50M),500000,0,1,0,0,0,0,0,0,0,0,0,0,0,0,0,0,0
Miholjevic (0.50M),500000,0,0,0,0,0,0,0,0,0,0,0,0,0,0,0,0,0
Mikutis (0.50M),500000,1,1,0,0,0,0,0,1,0,0,0,0,0,0,0,0,0
Milan (0.50M),500000,0,1,0,0,0,0,0,0,0,0,0,0,0,0,0,0,0
Milesi (0.50M),500000,0,0,0,0,0,0,0,1,0,0,0,0,0,0,0,0,0
Miquel (0.50M),500000,1,1,0,0,0,0,0,0,0,1,0,0,0,1,0,0,0
Moer (0.50M),500000,1,1,0,0,0,0,0,1,1,0,0,0,0,0,0,0,0
Molard (0.50M),500000,0,0,0,0,0,0,0,0,0,0,0,0,0,0,0,0,0
Mollema (0.50M),500000,0,0,1,0,0,0,0,0,0,0,0,0,0,1,0,0
Moniquet (0.50M),500000,0,0,0,0,0,0,0,0,0,0,0,0,0,0,0,0,0
Moro (0.50M),500000,1,1,0,0,0,0,0,1,0,0,0,0,0,0,0,0,0
Mosca (0.50M),500000,0,0,0,0,0,0,0,0,0,0,0,0,0,0,0,0,0
Moscon (0.50M),500000,0,0,0,0,0,0,0,0,0,0,0,0,0,0,0,0,0
Muhlberger (0.50M),500000,0,0,1,0,1,0,0,0,0,0,0,0,0,0,0,0,0
Mullen (0.50M),500000,1,1,0,0,0,0,0,1,0,0,0,0,0,0,0,0,0
Mulubrhan (0.50M),500000,0,0,0,0,0,0,0,0,0,0,0,0,0,0,0,0,0
Naberman (0.50M),500000,0,0,0,0,0,0,0,0,0,0,0,0,0,0,0,0,0
Naesen (0.50M),500000,1,1,0,0,0,1,1,1,1,0,1,0,0,0,0,0,0
Neilands (0.50M),500000,0,0,0,0,0,0,0,0,0,0,0,0,0,0,0,0,0
Nerurkar (0.50M),500000,0,0,0,0,0,0,0,0,0,0,0,0,0,0,0,0,0
Nordhagen (0.50M),500000,0,0,0,0,0,0,0,0,0,0,0,0,0,0,0,0,0
Norsgaard (0.50M),500000,0,0,0,0,0,0,0,0,0,0,0,0,0,0,0,0,0
Novak (0.50M),500000,0,0,0,0,0,0,0,0,0,0,0,0,0,0,0,0,0
O'Brien (0.50M),500000,1,1,0,0,0,0,0,0,0,0,0,0,0,0,0,0,0
O'Connor (0.50M),500000,0,0,0,0,0,0,0,0,0,0,0,0,0,0,0,0,0
Oliveira (0.50M),500000,0,0,0,1,0,0,0,0,0,0,0,0,0,0,0,0,0
Omrzel (0.50M),500000,0,0,0,0,0,0,0,0,0,0,0,0,0,0,0,0,0
Oomen (0.50M),500000,0,0,0,0,0,0,0,0,0,0,0,0,0,0,0,0,0
Orins (0.50M),500000,0,0,0,0,0,0,0,0,0,0,0,0,0,0,0,0,0
Orn-Kristoff (0.50M),500000,0,1,0,0,0,0,0,0,0,0,0,0,0,0,0,0,0
Ourselin (0.50M),500000,0,0,0,0,0,0,0,0,0,0,0,0,0,0,0,0,0
Oxenberg (0.50M),500000,0,0,0,0,0,0,0,0,0,0,0,0,0,0,0,0,0
Paasschens (0.50M),500000,0,0,0,0,0,0,0,0,0,0,0,0,0,0,0,0,0
Pacher (0.50M),500000,0,0,0,0,0,0,0,0,0,0,0,0,0,0,0,0,0
Page (0.50M),500000,1,1,0,0,0,0,0,1,1,0,0,0,0,0,0,0,0
Paleni (0.50M),500000,0,0,0,0,0,0,0,0,0,0,0,0,0,0,0,0,0
Paret-Peintre (0.50M),500000,0,0,0,1,0,1,0,0,0,0,0,0,0,1,1,1
Paret-Peintre (0.50M),500000,0,0,0,1,0,0,0,0,0,0,0,0,0,0,0,0,0
Parisini (0.50M),500000,0,0,0,0,0,0,0,0,0,0,0,0,0,0,0,0,0
Peace (0.50M),500000,0,0,0,0,0,0,0,0,0,0,0,0,0,0,0,0,0
Pedersen (0.50M),500000,1,1,0,0,0,0,0,0,0,0,0,0,0,0,0,0,0
Pedersen (0.50M),500000,0,1,0,0,0,0,0,0,0,0,0,0,0,0,0,0,0
Pedersen (0.50M),500000,1,1,0,0,0,1,1,0,0,0,0,0,0,0,0,0,0
Pellizzari (0.50M),500000,0,0,1,0,1,0,0,0,0,0,0,0,0,0,0,0,0
Penhoet (0.50M),500000,0,1,0,0,0,0,0,0,0,0,0,0,0,0,0,0,0
Pescador (0.50M),500000,0,0,0,0,0,0,0,0,0,0,0,0,0,0,0,0,0
Pestel (0.50M),500000,1,1,0,0,0,0,0,0,0,0,0,0,0,0,0,0,0
Pickering (0.50M),500000,0,0,0,0,0,0,0,0,0,0,0,0,0,0,0,0,0
Pidcock (0.50M),500000,0,0,0,0,0,0,0,0,0,0,0,0,0,0,0,0,0
Pietrobon (0.50M),500000,0,0,0,0,0,0,0,0,0,0,0,0,0,0,0,0,0
Piganzoli (0.50M),500000,0,0,0,0,1,0,0,0,0,0,0,0,0,0,0,0,0
Pinarello (0.50M),500000,0,0,1,0,1,0,0,0,0,0,0,0,0,0,0,0,0
Plapp (0.50M),500000,0,0,0,0,0,0,0,0,0,0,0,0,0,0,0,0,0
Pluimers (0.50M),500000,1,1,0,1,0,1,0,1,0,1,1,0,0,1,0,0,0
Plus (0.50M),500000,0,0,0,0,0,0,0,0,0,0,0,0,0,0,0,0,0
Poels (0.50M),500000,0,0,1,0,0,0,0,0,0,0,0,0,0,0,0,0,0
Pollefliet (0.50M),500000,0,0,0,0,0,0,0,0,0,0,0,0,0,0,0,0,0
Poole (0.50M),500000,0,0,0,1,0,0,0,0,0,0,0,0,0,0,0,0,0
Pooter (0.50M),500000,1,1,0,0,0,0,0,0,0,0,0,0,0,0,0,0,0
Porter (0.50M),500000,0,0,0,0,0,0,0,0,0,0,0,0,0,0,0,0,0
Pretto (0.50M),500000,0,0,0,0,0,0,0,0,0,0,0,0,0,0,0,0,0
Prodhomme (0.50M),500000,0,0,1,0,0,0,0,0,0,0,0,0,0,0,0,0,0
Quinn (0.50M),500000,0,0,0,0,0,0,0,0,0,0,0,0,0,0,0,0,0
Quintana (0.50M),500000,0,0,0,0,0,0,0,0,0,0,0,0,0,0,0,0,0
Raccagni (0.50M),500000,0,0,0,0,0,0,0,0,0,0,0,0,0,0,0,0,0
Raccagni (0.50M),500000,0,0,1,0,0,0,0,0,0,0,0,0,0,1,0,1
Rafferty (0.50M),500000,0,0,0,0,0,0,0,0,0,0,0,0,0,0,0,0,0
Raisberg (0.50M),500000,0,0,0,0,0,0,0,0,0,0,0,0,0,0,0,0,0
Rajovic (0.50M),500000,0,0,0,0,0,0,0,0,0,0,0,0,0,0,0,0,0
Reinderink (0.50M),500000,1,0,0,0,0,0,0,0,0,0,0,0,0,0,0,0,0
Reinders (0.50M),500000,0,1,0,0,0,0,0,1,0,0,0,0,0,0,0,0,0
Renard (0.50M),500000,1,1,0,0,0,1,0,1,1,0,0,0,0,0,0,0,0
Renard-Haquin (0.50M),500000,1,0,0,0,0,0,0,0,0,0,0,0,0,0,0,0,0
Resell (0.50M),500000,1,1,0,0,0,0,0,0,0,0,0,0,0,0,0,0,0
Rex (0.50M),500000,0,0,0,0,0,0,0,0,0,0,0,0,0,0,0,0,0
Riccitello (0.50M),500000,0,0,0,0,0,0,0,0,0,0,0,0,0,0,0,0,0
Rivera (0.50M),500000,0,0,0,0,0,0,0,0,0,0,0,0,0,0,0,0,0
Robeet (0.50M),500000,0,0,0,0,0,0,0,0,0,0,0,0,0,0,0,0,0
Rochas (0.50M),500000,0,0,0,0,0,0,0,0,0,0,0,0,0,0,0,0,0
Rodriguez (0.50M),500000,0,0,0,1,0,0,0,0,0,0,0,0,0,0,0,0,0
Rodriguez (0.50M),500000,0,0,0,0,0,0,0,0,0,0,0,0,0,0,0,0,0
Rodriguez (0.50M),500000,0,0,0,0,0,0,0,0,0,0,0,0,0,0,0,0,0
Roglic (0.50M),500000,0,0,0,1,0,0,0,0,0,0,0,0,0,0,0,0,0
Rolland (0.50M),500000,0,0,0,0,0,0,0,0,0,0,0,0,0,0,0,0,1
Romele (0.50M),500000,1,0,0,0,0,0,0,0,0,0,0,0,0,0,0,0,0
Romeo (0.50M),500000,0,0,0,1,0,1,0,0,0,0,0,0,0,0,0,0,0
Romo (0.50M),500000,0,0,0,0,0,0,0,0,0,0,0,0,0,0,0,0,0
Rondel (0.50M),500000,0,0,0,1,0,0,0,0,0,0,0,0,0,0,0,0,0
Roosen (0.50M),500000,1,0,0,0,0,0,0,0,0,0,0,0,0,0,0,0,0
Rota (0.50M),500000,0,0,0,0,0,0,0,0,0,0,0,0,0,0,0,0,0
Rouland (0.50M),500000,0,0,0,1,0,0,0,0,0,0,0,0,0,0,0,0,0
Rubio (0.50M),500000,0,0,0,0,0,0,0,0,0,0,0,0,0,0,0,0,0
Russo (0.50M),500000,1,0,0,0,0,0,0,0,0,0,0,0,0,0,0,0,0
Rutsch (0.50M),500000,0,0,0,0,0,0,0,0,1,0,0,0,0,0,0,0,0
Ryan (0.50M),500000,0,0,0,0,0,0,0,0,0,0,0,0,0,0,0,0,0
Samitier (0.50M),500000,0,0,0,0,0,0,0,0,0,0,0,0,0,0,0,0,0
Sanchez (0.50M),500000,0,0,0,0,0,0,0,0,0,0,0,0,0,0,0,0,0
Scaroni (0.50M),500000,0,0,0,0,1,0,0,0,0,0,0,0,0,1,1,1
Schachmann (0.50M),500000,0,0,0,0,0,0,0,0,0,0,0,0,0,0,0,0,0
Schiffer (0.50M),500000,0,0,0,0,0,0,0,0,0,0,0,0,0,0,0,0,0
Schmid (0.50M),500000,0,0,0,0,0,1,0,0,1,0,0,0,1,1,1,0,0
Schrettl (0.50M),500000,0,0,0,0,0,0,0,0,0,0,0,0,0,0,0,0,0
Schultz (0.50M),500000,0,0,0,0,0,0,0,0,0,0,0,0,0,0,0,0,0
Schuyteneer (0.50M),500000,0,1,0,0,0,0,0,0,0,0,1,0,0,0,0,0,0
Schwarzbacher (0.50M),500000,0,0,0,0,0,0,0,0,0,0,0,0,0,0,0,0,0
Scotson (0.50M),500000,0,0,0,0,0,0,0,0,0,0,0,0,0,0,0,0,0
Segaert (0.50M),500000,1,1,0,0,0,0,0,1,1,1,0,1,0,0,0,0,0
Seixas (0.50M),500000,0,0,1,0,0,0,0,0,0,0,0,0,0,0,1,1
Serrano (0.50M),500000,0,0,0,0,0,0,0,0,0,0,0,0,0,0,0,0,0
Serrano (0.50M),500000,0,0,0,0,0,0,0,0,0,0,0,0,0,0,0,0,0
Sevilla (0.50M),500000,0,0,0,0,0,0,0,0,0,0,0,0,0,0,0,0,0
Shaw (0.50M),500000,0,0,0,1,0,0,0,0,0,0,0,0,0,0,0,0,0
Sheehan (0.50M),500000,1,1,0,0,0,0,1,0,1,1,0,1,0,0,0,0,0
Sheffield (0.50M),500000,1,0,0,0,0,0,0,0,0,0,0,0,0,0,0,0,0
Shmidt (0.50M),500000,1,0,0,0,0,0,0,0,0,0,0,0,0,0,0,0,0
Silva (0.50M),500000,0,0,0,0,0,0,0,0,0,0,0,0,0,0,0,0,0
Simmons (0.50M),500000,1,1,0,0,0,0,0,0,0,0,0,0,0,0,0,0,0
Simmons (0.50M),500000,0,0,1,0,0,0,0,0,0,0,0,0,0,0,1,0,0
Sintmaartensdijk (0.50M),500000,1,0,0,0,0,0,0,0,0,0,0,0,0,0,0,0,0
Skaarseth (0.50M),500000,0,0,0,0,0,0,0,0,0,0,0,0,0,0,0,0,0
Skerl (0.50M),500000,0,0,0,0,0,0,0,0,0,0,0,0,0,0,0,0,0
Slock (0.50M),500000,0,1,0,0,0,0,0,0,0,0,0,0,0,0,0,0,0
Smith (0.50M),500000,0,0,0,0,0,0,0,0,0,0,0,0,0,0,0,0,0
Sobrero (0.50M),500000,0,0,0,0,0,0,0,0,0,0,0,0,0,0,0,0,0
Stannard (0.50M),500000,1,0,0,0,0,0,0,0,0,0,0,0,0,0,0,0,0
Staune-Mittet (0.50M),500000,0,0,0,0,0,0,0,0,0,0,0,0,0,0,0,0,0
Steimle (0.50M),500000,0,0,0,0,0,0,0,0,0,0,0,0,0,0,0,0,0
Steinhauser (0.50M),500000,0,0,0,0,0,0,0,0,0,0,0,0,0,0,0,0,0
Stewart (0.50M),500000,0,0,0,0,0,0,0,0,0,0,0,0,0,0,0,0,0
Stockwell (0.50M),500000,0,0,0,0,0,0,0,0,0,0,0,0,0,0,0,0,0
Storer (0.50M),500000,0,0,0,0,1,0,0,0,0,0,0,0,0,0,0,0,0
Stork (0.50M),500000,0,0,0,0,0,0,0,0,0,0,0,0,0,0,0,0,0
Strong (0.50M),500000,0,0,0,0,0,0,0,0,0,0,0,0,0,0,0,0,0
Su (0.50M),500000,0,0,0,0,0,0,0,0,0,0,0,0,0,0,0,0,0
Suter (0.50M),500000,0,0,0,0,0,0,0,0,0,0,0,0,0,0,0,0,0
Sutterlin (0.50M),500000,0,0,0,0,0,0,0,0,0,0,0,0,0,0,0,0,0
Svarre (0.50M),500000,0,0,0,0,0,0,0,0,0,0,0,0,0,0,0,0,0
Svestad-Bardseng (0.50M),500000,0,0,0,0,0,0,0,0,0,0,0,0,0,0,0,0,0
Svrcek (0.50M),500000,0,0,0,0,0,0,0,0,0,0,0,0,0,0,0,0,0
Sweeny (0.50M),500000,0,0,0,0,0,0,0,0,0,0,0,0,0,0,0,0,0
Swift (0.50M),500000,1,0,0,0,0,0,0,0,0,0,0,0,0,0,0,0,0
Swift (0.50M),500000,0,0,0,0,0,0,0,0,0,0,0,0,0,0,0,0,0
Syritsa (0.50M),500000,0,1,0,0,0,0,0,1,0,0,0,0,0,0,0,0,0
Taminiaux (0.50M),500000,0,0,0,0,0,0,0,0,0,0,0,0,0,0,0,0,0
Tarling (0.50M),500000,0,0,0,0,0,0,0,0,0,0,0,0,0,0,0,0,0
Tejada (0.50M),500000,0,0,0,1,0,0,0,0,0,0,0,0,0,0,0,0,0
Tene (0.50M),500000,0,0,0,0,0,0,0,0,0,0,0,0,0,0,0,0,0
Tesfatsion (0.50M),500000,0,0,0,0,0,0,0,0,0,0,0,0,0,0,0,0,0
Thalmann (0.50M),500000,0,0,1,0,0,0,0,0,0,0,0,0,0,0,0,0,0
Theuns (0.50M),500000,1,1,0,1,0,0,0,0,0,0,0,0,0,0,0,0,0
Thomas (0.50M),500000,0,0,0,1,0,1,0,0,0,0,0,0,0,0,0,0,0
Thompson (0.50M),500000,0,0,0,0,0,0,0,0,0,0,0,0,0,0,0,0,0
Thornley (0.50M),500000,0,0,0,0,0,0,0,0,0,0,0,0,0,0,0,0,0
Tiberi (0.50M),500000,0,0,0,0,1,0,0,0,0,0,0,0,0,0,0,0,0
Tiller (0.50M),500000,1,1,0,0,0,0,0,0,0,0,0,0,0,0,0,0,0
Tjotta (0.50M),500000,0,0,0,0,0,0,0,0,0,0,0,0,0,0,0,0,0
Tolio (0.50M),500000,0,0,0,0,0,0,0,0,0,0,0,0,0,0,0,0,0
Toneatti (0.50M),500000,0,0,1,0,0,0,0,0,0,0,0,0,0,0,0,0,0
Tonelli (0.50M),500000,0,0,0,0,0,0,0,0,0,0,0,0,0,0,0,0,0
Torres (0.50M),500000,0,0,0,0,0,0,0,0,0,0,0,0,0,0,0,0,0
Touze (0.50M),500000,0,0,0,0,0,0,0,0,0,0,0,0,0,0,0,0,0
Traeen (0.50M),500000,0,0,0,0,0,0,0,0,0,0,0,0,0,0,0,0,0
Tratnik (0.50M),500000,0,0,0,0,1,0,1,0,1,1,0,0,1,0,1,0,0
Tricht (0.50M),500000,0,0,0,0,0,0,0,0,0,0,0,0,0,0,0,0,0
Tronchon (0.50M),500000,1,1,1,0,1,0,0,1,1,1,1,0,1,0,0,0,0
Tuckwell (0.50M),500000,0,0,0,0,0,0,0,0,0,0,0,0,0,0,0,0,0
Tulett (0.50M),500000,0,0,1,0,0,0,0,0,0,0,0,0,0,1,1,1,0
Turgis (0.50M),500000,1,0,0,0,0,0,1,1,0,0,0,0,0,0,0,0,0
Turner (0.50M),500000,1,0,0,0,0,0,0,0,0,0,0,0,0,0,0,0,0
Uijtdebroeks (0.50M),500000,0,0,0,1,0,0,0,0,0,0,0,0,0,1,1,0
Ulissi (0.50M),500000,0,0,0,0,1,0,0,0,0,0,0,0,0,1,1,1,0
Urianstad (0.50M),500000,0,0,0,0,0,0,0,0,0,0,0,0,0,0,0,0,0
Vader (0.50M),500000,0,0,0,0,0,0,0,0,0,0,0,0,0,0,0,0,0
Valgren (0.50M),500000,0,0,0,1,0,0,1,1,1,1,0,1,0,0,0,0,0
Valter (0.50M),500000,1,0,1,0,1,0,0,1,0,0,1,0,0,0,0,0,0
Vandenstorme (0.50M),500000,1,0,0,0,0,0,0,0,0,0,0,0,0,0,0,0,0
Vangheluwe (0.50M),500000,0,0,0,0,0,0,0,0,0,0,0,0,0,0,0,0,0
Vanhoof (0.50M),500000,1,0,0,0,0,0,0,0,0,0,0,0,0,0,0,0,0
Vanhoucke (0.50M),500000,0,0,0,0,0,0,0,0,0,0,0,0,0,0,0,0,0
Vansevenant (0.50M),500000,0,0,0,0,0,0,0,0,0,0,0,0,0,0,0,0,0
Veistroffer (0.50M),500000,0,0,0,0,0,0,0,0,0,0,0,0,0,0,0,0,0
Velasco (0.50M),500000,0,0,0,0,0,0,0,0,0,0,0,0,0,0,0,0,0
Vendrame (0.50M),500000,0,0,0,0,0,0,0,0,0,0,0,0,0,0,0,0,0
Venturini (0.50M),500000,0,0,0,0,0,0,0,1,0,0,0,1,1,1,0,0,0
Vergaerde (0.50M),500000,1,0,0,0,0,0,0,0,0,0,0,0,0,0,0,0,0
Verona (0.50M),500000,0,0,0,0,0,0,0,0,0,0,0,0,0,0,0,0,0
Vervaeke (0.50M),500000,0,0,0,0,0,0,0,0,0,0,0,0,0,0,0,0,0
Vervenne (0.50M),500000,0,0,0,0,0,0,0,0,0,0,0,0,0,0,0,0,0
Vinokurov (0.50M),500000,0,0,0,1,0,1,0,0,0,0,0,0,0,0,0,0,0
Vlasov (0.50M),500000,0,0,0,0,0,0,0,0,0,0,0,0,0,0,0,0,0
Voisard (0.50M),500000,0,0,0,0,0,0,0,0,0,0,0,0,0,0,0,0,0
Walker (0.50M),500000,0,0,0,0,0,0,0,0,0,0,0,0,0,0,0,0,0
Walscheid (0.50M),500000,0,0,0,0,0,0,0,0,0,0,0,0,0,0,0,0,0
Wandahl (0.50M),500000,0,0,0,0,0,0,0,0,0,0,0,0,0,0,0,0,0
Warbasse (0.50M),500000,0,0,0,0,0,0,0,0,0,0,0,0,0,0,0,0,0
Watson (0.50M),500000,1,0,0,0,0,0,0,0,0,0,0,0,0,0,0,0,0
Weiss (0.50M),500000,0,0,0,0,0,0,0,0,0,0,0,0,0,0,0,0,0
Welten (0.50M),500000,0,0,0,0,0,0,0,0,0,0,0,0,0,0,0,0,0
Widar (0.50M),500000,0,0,1,0,0,0,0,0,0,0,0,0,0,1,1,0,0
Wilder (0.50M),500000,0,0,0,0,1,0,0,0,0,0,0,0,0,1,1,1,0
Wilksch (0.50M),500000,0,0,0,0,0,0,0,0,0,0,0,0,0,0,0,0,0
Williams (0.50M),500000,0,0,0,0,0,0,0,0,0,0,0,0,0,0,0,0,0
Wirtgen (0.50M),500000,0,0,0,0,0,0,0,0,0,0,0,0,0,0,0,0,0
Zambanini (0.50M),500000,0,0,0,0,0,0,0,0,0,0,0,0,0,0,0,0,0
Zamperini (0.50M),500000,0,0,0,0,0,0,0,0,0,0,0,0,0,0,0,0,0
Zana (0.50M),500000,0,0,0,0,0,0,0,0,0,0,0,0,0,0,0,0,0
Zanoncello (0.50M),500000,0,0,0,0,0,0,0,0,0,0,0,0,0,0,0,0,0
Zijlaard (0.50M),500000,0,1,0,1,0,0,0,0,0,0,0,0,0,0,0,0,0
Zimmermann (0.50M),500000,0,0,1,0,1,1,0,0,0,0,0,0,0,0,0,0,0
Zukowsky (0.50M),500000,0,1,0,0,0,0,0,1,0,0,0,0,0,0,0,0,0
Zwiehoff (0.50M),500000,0,0,0,0,0,0,0,0,0,0,0,0,0,0,0,0,0
